>>>>start<<<<
>>>>>end input fact_table_data<<<<<
>>>>start<<<<
>>>>>end input dimesion1_table_data<<<<<
>>>>start<<<<
>>>>>end input dimesion2_table_data<<<<<
818 dimension_1: DOUBLE, dimension_2: DOUBLE, sum_agg: INT64
0.2||||0.02||||220
0.3||||0.03||||330
0.4||||0.04||||440
0.5||||0.05||||550
0.6||||0.06||||660
0.7||||0.07||||770
0.8||||0.08||||880
0.9||||0.09||||990
1.2||||0.12||||1320
1.3||||0.13||||1430
1.4||||0.14||||1540
1.5||||0.15||||1650
1.6||||0.16||||1760
1.7||||0.17||||1870
1.8||||0.18||||1980
1.9||||0.19||||2090
2.2||||0.22||||2420
2.3||||0.23||||2530
2.4||||0.24||||2640
2.5||||0.25||||2750
2.6||||0.26||||2860
2.7||||0.27||||2970
2.8||||0.28||||3080
2.9||||0.29||||3190
3.2||||0.32||||3520
3.3||||0.33||||3630
3.4||||0.34||||3740
3.5||||0.35||||3850
3.6||||0.36||||3960
3.7||||0.37||||4070
3.8||||0.38||||4180
3.9||||0.39||||4290
4.2||||0.42||||4620
4.3||||0.43||||4730
4.4||||0.44||||4840
4.5||||0.45||||4950
4.6||||0.46||||5060
4.7||||0.47||||5170
4.8||||0.48||||5280
4.9||||0.49||||5390
5.2||||0.52||||5720
5.3||||0.53||||5830
5.4||||0.54||||5940
5.5||||0.55||||6050
5.6||||0.56||||6160
5.7||||0.57||||6270
5.8||||0.58||||6380
5.9||||0.59||||6490
6.2||||0.62||||6820
6.3||||0.63||||6930
6.4||||0.64||||7040
6.5||||0.65||||7150
6.6||||0.66||||7260
6.7||||0.67||||7370
6.8||||0.68||||7480
6.9||||0.69||||7590
7.2||||0.72||||7920
7.3||||0.73||||8030
7.4||||0.74||||8140
7.5||||0.75||||8250
7.6||||0.76||||8360
7.7||||0.77||||8470
7.8||||0.78||||8580
7.9||||0.79||||8690
8.2||||0.82||||9020
8.3||||0.83||||9130
8.4||||0.84||||9240
8.5||||0.85||||9350
8.6||||0.86||||9460
8.7||||0.87||||9570
8.8||||0.88||||9680
8.9||||0.89||||9790
9.2||||0.92||||10120
9.3||||0.93||||10230
9.4||||0.94||||10340
9.5||||0.95||||10450
9.6||||0.96||||10560
9.7||||0.97||||10670
9.8||||0.98||||10780
9.9||||0.99||||10890
10.2||||1.02||||11220
10.3||||1.03||||11330
10.4||||1.04||||11440
10.5||||1.05||||11550
10.6||||1.06||||11660
10.7||||1.07||||11770
10.8||||1.08||||11880
10.9||||1.09||||11990
11.2||||1.12||||12320
11.3||||1.13||||12430
11.4||||1.14||||12540
11.5||||1.15||||12650
11.6||||1.16||||12760
11.7||||1.17||||12870
11.8||||1.18||||12980
11.9||||1.19||||13090
12.2||||1.22||||13420
12.3||||1.23||||13530
12.4||||1.24||||13640
12.5||||1.25||||13750
12.6||||1.26||||13860
12.7||||1.27||||13970
12.8||||1.28||||14080
12.9||||1.29||||14190
13.2||||1.32||||14520
13.3||||1.33||||14630
13.4||||1.34||||14740
13.5||||1.35||||14850
13.6||||1.36||||14960
13.7||||1.37||||15070
13.8||||1.38||||15180
13.9||||1.39||||15290
14.2||||1.42||||15620
14.3||||1.43||||15730
14.4||||1.44||||15840
14.5||||1.45||||15950
14.6||||1.46||||16060
14.7||||1.47||||16170
14.8||||1.48||||16280
14.9||||1.49||||16390
15.2||||1.52||||16720
15.3||||1.53||||16830
15.4||||1.54||||16940
15.5||||1.55||||17050
15.6||||1.56||||17160
15.7||||1.57||||17270
15.8||||1.58||||17380
15.9||||1.59||||17490
16.2||||1.62||||17820
16.3||||1.63||||17930
16.4||||1.64||||18040
16.5||||1.65||||18150
16.6||||1.66||||18260
16.7||||1.67||||18370
16.8||||1.68||||18480
16.9||||1.69||||18590
17.2||||1.72||||18920
17.3||||1.73||||19030
17.4||||1.74||||19140
17.5||||1.75||||19250
17.6||||1.76||||19360
17.7||||1.77||||19470
17.8||||1.78||||19580
17.9||||1.79||||19690
18.2||||1.82||||20020
18.3||||1.83||||20130
18.4||||1.84||||20240
18.5||||1.85||||20350
18.6||||1.86||||20460
18.7||||1.87||||20570
18.8||||1.88||||20680
18.9||||1.89||||20790
19.2||||1.92||||21120
19.3||||1.93||||21230
19.4||||1.94||||21340
19.5||||1.95||||21450
19.6||||1.96||||21560
19.7||||1.97||||21670
19.8||||1.98||||21780
19.9||||1.99||||21890
20.2||||2.02||||20200
20.3||||2.03||||20300
20.4||||2.04||||20400
20.5||||2.05||||20500
20.6||||2.06||||20600
20.7||||2.07||||20700
20.8||||2.08||||20800
20.9||||2.09||||20900
21.2||||2.12||||21200
21.3||||2.13||||21300
21.4||||2.14||||21400
21.5||||2.15||||21500
21.6||||2.16||||21600
21.7||||2.17||||21700
21.8||||2.18||||21800
21.9||||2.19||||21900
22.2||||2.22||||22200
22.3||||2.23||||22300
22.4||||2.24||||22400
22.5||||2.25||||22500
22.6||||2.26||||22600
22.7||||2.27||||22700
22.8||||2.28||||22800
22.9||||2.29||||22900
23.2||||2.32||||23200
23.3||||2.33||||23300
23.4||||2.34||||23400
23.5||||2.35||||23500
23.6||||2.36||||23600
23.7||||2.37||||23700
23.8||||2.38||||23800
23.9||||2.39||||23900
24.2||||2.42||||24200
24.3||||2.43||||24300
24.4||||2.44||||24400
24.5||||2.45||||24500
24.6||||2.46||||24600
24.7||||2.47||||24700
24.8||||2.48||||24800
24.9||||2.49||||24900
25.2||||2.52||||25200
25.3||||2.53||||25300
25.4||||2.54||||25400
25.5||||2.55||||25500
25.6||||2.56||||25600
25.7||||2.57||||25700
25.8||||2.58||||25800
25.9||||2.59||||25900
26.2||||2.62||||26200
26.3||||2.63||||26300
26.4||||2.64||||26400
26.5||||2.65||||26500
26.6||||2.66||||26600
26.7||||2.67||||26700
26.8||||2.68||||26800
26.9||||2.69||||26900
27.2||||2.72||||27200
27.3||||2.73||||27300
27.4||||2.74||||27400
27.5||||2.75||||27500
27.6||||2.76||||27600
27.7||||2.77||||27700
27.8||||2.78||||27800
27.9||||2.79||||27900
28.2||||2.82||||28200
28.3||||2.83||||28300
28.4||||2.84||||28400
28.5||||2.85||||28500
28.6||||2.86||||28600
28.7||||2.87||||28700
28.8||||2.88||||28800
28.9||||2.89||||28900
29.2||||2.92||||29200
29.3||||2.93||||29300
29.4||||2.94||||29400
29.5||||2.95||||29500
29.6||||2.96||||29600
29.7||||2.97||||29700
29.8||||2.98||||29800
29.9||||2.99||||29900
30.2||||3.02||||30200
30.3||||3.03||||30300
30.4||||3.04||||30400
30.5||||3.05||||30500
30.6||||3.06||||30600
30.7||||3.07||||30700
30.8||||3.08||||30800
30.9||||3.09||||30900
31.2||||3.12||||31200
31.3||||3.13||||31300
31.4||||3.14||||31400
31.5||||3.15||||31500
31.6||||3.16||||31600
31.7||||3.17||||31700
31.8||||3.18||||31800
31.9||||3.19||||31900
32.2||||3.22||||32200
32.3||||3.23||||32300
32.4||||3.24||||32400
32.5||||3.25||||32500
32.6||||3.26||||32600
32.7||||3.27||||32700
32.8||||3.28||||32800
32.9||||3.29||||32900
33.2||||3.32||||33200
33.3||||3.33||||33300
33.4||||3.34||||33400
33.5||||3.35||||33500
33.6||||3.36||||33600
33.7||||3.37||||33700
33.8||||3.38||||33800
33.9||||3.39||||33900
34.2||||3.42||||34200
34.3||||3.43||||34300
34.4||||3.44||||34400
34.5||||3.45||||34500
34.6||||3.46||||34600
34.7||||3.47||||34700
34.8||||3.48||||34800
34.9||||3.49||||34900
35.2||||3.52||||35200
35.3||||3.53||||35300
35.4||||3.54||||35400
35.5||||3.55||||35500
35.6||||3.56||||35600
35.7||||3.57||||35700
35.8||||3.58||||35800
35.9||||3.59||||35900
36.2||||3.62||||36200
36.3||||3.63||||36300
36.4||||3.64||||36400
36.5||||3.65||||36500
36.6||||3.66||||36600
36.7||||3.67||||36700
36.8||||3.68||||36800
36.9||||3.69||||36900
37.2||||3.72||||37200
37.3||||3.73||||37300
37.4||||3.74||||37400
37.5||||3.75||||37500
37.6||||3.76||||37600
37.7||||3.77||||37700
37.8||||3.78||||37800
37.9||||3.79||||37900
38.2||||3.82||||38200
38.3||||3.83||||38300
38.4||||3.84||||38400
38.5||||3.85||||38500
38.6||||3.86||||38600
38.7||||3.87||||38700
38.8||||3.88||||38800
38.9||||3.89||||38900
39.2||||3.92||||39200
39.3||||3.93||||39300
39.4||||3.94||||39400
39.5||||3.95||||39500
39.6||||3.96||||39600
39.7||||3.97||||39700
39.8||||3.98||||39800
39.9||||3.99||||39900
40.2||||4.02||||40200
40.3||||4.03||||40300
40.4||||4.04||||40400
40.5||||4.05||||40500
40.6||||4.06||||40600
40.7||||4.07||||40700
40.8||||4.08||||40800
40.9||||4.09||||40900
41.2||||4.12||||41200
41.3||||4.13||||41300
41.4||||4.14||||41400
41.5||||4.15||||41500
41.6||||4.16||||41600
41.7||||4.17||||41700
41.8||||4.18||||41800
41.9||||4.19||||41900
42.2||||4.22||||42200
42.3||||4.23||||42300
42.4||||4.24||||42400
42.5||||4.25||||42500
42.6||||4.26||||42600
42.7||||4.27||||42700
42.8||||4.28||||42800
42.9||||4.29||||42900
43.2||||4.32||||43200
43.3||||4.33||||43300
43.4||||4.34||||43400
43.5||||4.35||||43500
43.6||||4.36||||43600
43.7||||4.37||||43700
43.8||||4.38||||43800
43.9||||4.39||||43900
44.2||||4.42||||44200
44.3||||4.43||||44300
44.4||||4.44||||44400
44.5||||4.45||||44500
44.6||||4.46||||44600
44.7||||4.47||||44700
44.8||||4.48||||44800
44.9||||4.49||||44900
45.2||||4.52||||45200
45.3||||4.53||||45300
45.4||||4.54||||45400
45.5||||4.55||||45500
45.6||||4.56||||45600
45.7||||4.57||||45700
45.8||||4.58||||45800
45.9||||4.59||||45900
46.2||||4.62||||46200
46.3||||4.63||||46300
46.4||||4.64||||46400
46.5||||4.65||||46500
46.6||||4.66||||46600
46.7||||4.67||||46700
46.8||||4.68||||46800
46.9||||4.69||||46900
47.2||||4.72||||47200
47.3||||4.73||||47300
47.4||||4.74||||47400
47.5||||4.75||||47500
47.6||||4.76||||47600
47.7||||4.77||||47700
47.8||||4.78||||47800
47.9||||4.79||||47900
48.2||||4.82||||48200
48.3||||4.83||||48300
48.4||||4.84||||48400
48.5||||4.85||||48500
48.6||||4.86||||48600
48.7||||4.87||||48700
48.8||||4.88||||48800
48.9||||4.89||||48900
49.2||||4.92||||49200
49.3||||4.93||||49300
49.4||||4.94||||49400
49.5||||4.95||||49500
49.6||||4.96||||49600
49.7||||4.97||||49700
49.8||||4.98||||49800
49.9||||4.99||||49900
50.2||||5.02||||50200
50.3||||5.03||||50300
50.4||||5.04||||50400
50.5||||5.05||||50500
50.6||||5.06||||50600
50.7||||5.07||||50700
50.8||||5.08||||50800
50.9||||5.09||||50900
51.2||||5.12||||51200
51.3||||5.13||||51300
51.4||||5.14||||51400
51.5||||5.15||||51500
51.6||||5.16||||51600
51.7||||5.17||||51700
51.8||||5.18||||51800
51.9||||5.19||||51900
52.2||||5.22||||52200
52.3||||5.23||||52300
52.4||||5.24||||52400
52.5||||5.25||||52500
52.6||||5.26||||52600
52.7||||5.27||||52700
52.8||||5.28||||52800
52.9||||5.29||||52900
53.2||||5.32||||53200
53.3||||5.33||||53300
53.4||||5.34||||53400
53.5||||5.35||||53500
53.6||||5.36||||53600
53.7||||5.37||||53700
53.8||||5.38||||53800
53.9||||5.39||||53900
54.2||||5.42||||54200
54.3||||5.43||||54300
54.4||||5.44||||54400
54.5||||5.45||||54500
54.6||||5.46||||54600
54.7||||5.47||||54700
54.8||||5.48||||54800
54.9||||5.49||||54900
55.2||||5.52||||55200
55.3||||5.53||||55300
55.4||||5.54||||55400
55.5||||5.55||||55500
55.6||||5.56||||55600
55.7||||5.57||||55700
55.8||||5.58||||55800
55.9||||5.59||||55900
56.2||||5.62||||56200
56.3||||5.63||||56300
56.4||||5.64||||56400
56.5||||5.65||||56500
56.6||||5.66||||56600
56.7||||5.67||||56700
56.8||||5.68||||56800
56.9||||5.69||||56900
57.2||||5.72||||57200
57.3||||5.73||||57300
57.4||||5.74||||57400
57.5||||5.75||||57500
57.6||||5.76||||57600
57.7||||5.77||||57700
57.8||||5.78||||57800
57.9||||5.79||||57900
58.2||||5.82||||58200
58.3||||5.83||||58300
58.4||||5.84||||58400
58.5||||5.85||||58500
58.6||||5.86||||58600
58.7||||5.87||||58700
58.8||||5.88||||58800
58.9||||5.89||||58900
59.2||||5.92||||59200
59.3||||5.93||||59300
59.4||||5.94||||59400
59.5||||5.95||||59500
59.6||||5.96||||59600
59.7||||5.97||||59700
59.8||||5.98||||59800
59.9||||5.99||||59900
60.2||||6.02||||60200
60.3||||6.03||||60300
60.4||||6.04||||60400
60.5||||6.05||||60500
60.6||||6.06||||60600
60.7||||6.07||||60700
60.8||||6.08||||60800
60.9||||6.09||||60900
61.2||||6.12||||61200
61.3||||6.13||||61300
61.4||||6.14||||61400
61.5||||6.15||||61500
61.6||||6.16||||61600
61.7||||6.17||||61700
61.8||||6.18||||61800
61.9||||6.19||||61900
62.2||||6.22||||62200
62.3||||6.23||||62300
62.4||||6.24||||62400
62.5||||6.25||||62500
62.6||||6.26||||62600
62.7||||6.27||||62700
62.8||||6.28||||62800
62.9||||6.29||||62900
63.2||||6.32||||63200
63.3||||6.33||||63300
63.4||||6.34||||63400
63.5||||6.35||||63500
63.6||||6.36||||63600
63.7||||6.37||||63700
63.8||||6.38||||63800
63.9||||6.39||||63900
64.2||||6.42||||64200
64.3||||6.43||||64300
64.4||||6.44||||64400
64.5||||6.45||||64500
64.6||||6.46||||64600
64.7||||6.47||||64700
64.8||||6.48||||64800
64.9||||6.49||||64900
65.2||||6.52||||65200
65.3||||6.53||||65300
65.4||||6.54||||65400
65.5||||6.55||||65500
65.6||||6.56||||65600
65.7||||6.57||||65700
65.8||||6.58||||65800
65.9||||6.59||||65900
66.2||||6.62||||66200
66.3||||6.63||||66300
66.4||||6.64||||66400
66.5||||6.65||||66500
66.6||||6.66||||66600
66.7||||6.67||||66700
66.8||||6.68||||66800
66.9||||6.69||||66900
67.2||||6.72||||67200
67.3||||6.73||||67300
67.4||||6.74||||67400
67.5||||6.75||||67500
67.6||||6.76||||67600
67.7||||6.77||||67700
67.8||||6.78||||67800
67.9||||6.79||||67900
68.2||||6.82||||68200
68.3||||6.83||||68300
68.4||||6.84||||68400
68.5||||6.85||||68500
68.6||||6.86||||68600
68.7||||6.87||||68700
68.8||||6.88||||68800
68.9||||6.89||||68900
69.2||||6.92||||69200
69.3||||6.93||||69300
69.4||||6.94||||69400
69.5||||6.95||||69500
69.6||||6.96||||69600
69.7||||6.97||||69700
69.8||||6.98||||69800
69.9||||6.99||||69900
70.2||||7.02||||70200
70.3||||7.03||||70300
70.4||||7.04||||70400
70.5||||7.05||||70500
70.6||||7.06||||70600
70.7||||7.07||||70700
70.8||||7.08||||70800
70.9||||7.09||||70900
71.2||||7.12||||71200
71.3||||7.13||||71300
71.4||||7.14||||71400
71.5||||7.15||||71500
71.6||||7.16||||71600
71.7||||7.17||||71700
71.8||||7.18||||71800
71.9||||7.19||||71900
72.2||||7.22||||72200
72.3||||7.23||||72300
72.4||||7.24||||72400
72.5||||7.25||||72500
72.6||||7.26||||72600
72.7||||7.27||||72700
72.8||||7.28||||72800
72.9||||7.29||||72900
73.2||||7.32||||73200
73.3||||7.33||||73300
73.4||||7.34||||73400
73.5||||7.35||||73500
73.6||||7.36||||73600
73.7||||7.37||||73700
73.8||||7.38||||73800
73.9||||7.39||||73900
74.2||||7.42||||74200
74.3||||7.43||||74300
74.4||||7.44||||74400
74.5||||7.45||||74500
74.6||||7.46||||74600
74.7||||7.47||||74700
74.8||||7.48||||74800
74.9||||7.49||||74900
75.2||||7.52||||75200
75.3||||7.53||||75300
75.4||||7.54||||75400
75.5||||7.55||||75500
75.6||||7.56||||75600
75.7||||7.57||||75700
75.8||||7.58||||75800
75.9||||7.59||||75900
76.2||||7.62||||76200
76.3||||7.63||||76300
76.4||||7.64||||76400
76.5||||7.65||||76500
76.6||||7.66||||76600
76.7||||7.67||||76700
76.8||||7.68||||76800
76.9||||7.69||||76900
77.2||||7.72||||77200
77.3||||7.73||||77300
77.4||||7.74||||77400
77.5||||7.75||||77500
77.6||||7.76||||77600
77.7||||7.77||||77700
77.8||||7.78||||77800
77.9||||7.79||||77900
78.2||||7.82||||78200
78.3||||7.83||||78300
78.4||||7.84||||78400
78.5||||7.85||||78500
78.6||||7.86||||78600
78.7||||7.87||||78700
78.8||||7.88||||78800
78.9||||7.89||||78900
79.2||||7.92||||79200
79.3||||7.93||||79300
79.4||||7.94||||79400
79.5||||7.95||||79500
79.6||||7.96||||79600
79.7||||7.97||||79700
79.8||||7.98||||79800
79.9||||7.99||||79900
80.2||||8.02||||80200
80.3||||8.03||||80300
80.4||||8.04||||80400
80.5||||8.05||||80500
80.6||||8.06||||80600
80.7||||8.07||||80700
80.8||||8.08||||80800
80.9||||8.09||||80900
81.2||||8.12||||81200
81.3||||8.13||||81300
81.4||||8.14||||81400
81.5||||8.15||||81500
81.6||||8.16||||81600
81.7||||8.17||||81700
81.8||||8.18||||81800
81.9||||8.19||||81900
82.2||||8.22||||82200
82.3||||8.23||||82300
82.4||||8.24||||82400
82.5||||8.25||||82500
82.6||||8.26||||82600
82.7||||8.27||||82700
82.8||||8.28||||82800
82.9||||8.29||||82900
83.2||||8.32||||83200
83.3||||8.33||||83300
83.4||||8.34||||83400
83.5||||8.35||||83500
83.6||||8.36||||83600
83.7||||8.37||||83700
83.8||||8.38||||83800
83.9||||8.39||||83900
84.2||||8.42||||84200
84.3||||8.43||||84300
84.4||||8.44||||84400
84.5||||8.45||||84500
84.6||||8.46||||84600
84.7||||8.47||||84700
84.8||||8.48||||84800
84.9||||8.49||||84900
85.2||||8.52||||85200
85.3||||8.53||||85300
85.4||||8.54||||85400
85.5||||8.55||||85500
85.6||||8.56||||85600
85.7||||8.57||||85700
85.8||||8.58||||85800
85.9||||8.59||||85900
86.2||||8.62||||86200
86.3||||8.63||||86300
86.4||||8.64||||86400
86.5||||8.65||||86500
86.6||||8.66||||86600
86.7||||8.67||||86700
86.8||||8.68||||86800
86.9||||8.69||||86900
87.2||||8.72||||87200
87.3||||8.73||||87300
87.4||||8.74||||87400
87.5||||8.75||||87500
87.6||||8.76||||87600
87.7||||8.77||||87700
87.8||||8.78||||87800
87.9||||8.79||||87900
88.2||||8.82||||88200
88.3||||8.83||||88300
88.4||||8.84||||88400
88.5||||8.85||||88500
88.6||||8.86||||88600
88.7||||8.87||||88700
88.8||||8.88||||88800
88.9||||8.89||||88900
89.2||||8.92||||89200
89.3||||8.93||||89300
89.4||||8.94||||89400
89.5||||8.95||||89500
89.6||||8.96||||89600
89.7||||8.97||||89700
89.8||||8.98||||89800
89.9||||8.99||||89900
90.2||||9.02||||90200
90.3||||9.03||||90300
90.4||||9.04||||90400
90.5||||9.05||||90500
90.6||||9.06||||90600
90.7||||9.07||||90700
90.8||||9.08||||90800
90.9||||9.09||||90900
91.2||||9.12||||91200
91.3||||9.13||||91300
91.4||||9.14||||91400
91.5||||9.15||||91500
91.6||||9.16||||91600
91.7||||9.17||||91700
91.8||||9.18||||91800
91.9||||9.19||||91900
92.2||||9.22||||92200
92.3||||9.23||||92300
92.4||||9.24||||92400
92.5||||9.25||||92500
92.6||||9.26||||92600
92.7||||9.27||||92700
92.8||||9.28||||92800
92.9||||9.29||||92900
93.2||||9.32||||93200
93.3||||9.33||||93300
93.4||||9.34||||93400
93.5||||9.35||||93500
93.6||||9.36||||93600
93.7||||9.37||||93700
93.8||||9.38||||93800
93.9||||9.39||||93900
94.2||||9.42||||94200
94.3||||9.43||||94300
94.4||||9.44||||94400
94.5||||9.45||||94500
94.6||||9.46||||94600
94.7||||9.47||||94700
94.8||||9.48||||94800
94.9||||9.49||||94900
95.2||||9.52||||95200
95.3||||9.53||||95300
95.4||||9.54||||95400
95.5||||9.55||||95500
95.6||||9.56||||95600
95.7||||9.57||||95700
95.8||||9.58||||95800
95.9||||9.59||||95900
96.2||||9.62||||96200
96.3||||9.63||||96300
96.4||||9.64||||96400
96.5||||9.65||||96500
96.6||||9.66||||96600
96.7||||9.67||||96700
96.8||||9.68||||96800
96.9||||9.69||||96900
97.2||||9.72||||97200
97.3||||9.73||||97300
97.4||||9.74||||97400
97.5||||9.75||||97500
97.6||||9.76||||97600
97.7||||9.77||||97700
97.8||||9.78||||97800
97.9||||9.79||||97900
98.2||||9.82||||98200
98.3||||9.83||||98300
98.4||||9.84||||98400
98.5||||9.85||||98500
98.6||||9.86||||98600
98.7||||9.87||||98700
98.8||||9.88||||98800
98.9||||9.89||||98900
99.2||||9.92||||99200
99.3||||9.93||||99300
99.4||||9.94||||99400
99.5||||9.95||||99500
99.6||||9.96||||99600
99.7||||9.97||||99700
99.8||||9.98||||99800
99.9||||9.99||||99900
100.2||||10.02||||100200
100.3||||10.03||||100300
100.4||||10.04||||100400
100.5||||10.05||||100500
100.6||||10.06||||100600
100.7||||10.07||||100700
100.8||||10.08||||100800
100.9||||10.09||||100900
101.2||||10.12||||101200
101.3||||10.13||||101300
101.4||||10.14||||101400
101.5||||10.15||||101500
101.6||||10.16||||101600
101.7||||10.17||||101700
101.8||||10.18||||101800
101.9||||10.19||||101900
102.2||||10.22||||102200
102.3||||10.23||||102300
